6432266
6013437
5390498
4809779
5073275
5587764
5593200
4885269
4685899
4870862
4841518
5527975
4553234
6092082
5711081
3608524
4492047
3520394
358832
6558397
4839038
5895204
3532148
2512005
6559194
5263332
4872273
6332472
3950246
2522718
4056021
2752678
2918085
3256068
3884259
4810703
4888178
5104626
5097849
3600114
5039447
5017020
4856507
4751148
4849878
4820584
4671945
3911954
4725567
4897754
4667349
1096637
4816262
6247287
3410056
2763770
6500189
4952306
384081
4683383
6290990
2081724
3963593
6459030
5160086
2396727
4850707
4884393
3667818
5960053
5040735
5787718
6439362
6605951
40055
913204
6113917
1405621
4863495
4949517
4324592
5218846
5160527
5364116
5349267
3478148
2723608
6588832
6355317
3212126
820434
4828464
6606685
5348534
6207286
4814337
5793150
4028718
5945500
4821311
5004523
6472340
2967195
2131538
5820768
5062671
5520429
6487157
6688692
6359843
700684
4890940
4862422
6153168
5097738
4840399
4882388
3901551
3936301
4841019
5560258
4873764
4833512
1300665
3543690
4892627
765400
4900337
4854947
4318152
3348353
2537379
4842224
4787372
6434013
2346136
4904186
1918543
4829079
1787112
5962241
4848415
5992062
6565834
4815113
3347048
1534520
5057873
6344605
4763883
866146
4319846
5061222
1509731
2032545
5000564
5441060
2520144
1332030
5169163
4808661
5106621
6578890
4809855
2638794
1479953
28959
5730868
5000260
4840003
5404071
6130295
2673919
1997879
2904118
414951
5896293
5447800
4829834
5145381
4906877
5208378
1506684
2985160
6001662
5381469
4407071
6123279
1725779
5895837
367614
6703991
4893887
4903036
4306417
6697207
4840567
4836397
6281182
720248
5766333
1350737
6069848
4796393
5597847
5931565
4827791
5009282
4512669
4838544
4914690
6116474
4832354
5350903
6308666
6399437
5272600
4837951
4221775
155285
4900726
1718761
5657497
635311
1937086
2295442
4060554
4799225
4850931
2846093
4687951
5721616
4762203
2024405
4814145
6332739
5524814
1454744
3239780
6119454
4835280
5062100
5272163
3462907
6010389
1411773
5921679
1227923
1155403
6195185
1639226
5692256
2519837
1901411
5123498
1344615
6184477
5033798
6411550
6391793
1293454
5660663
2741459
5573348
1711457
6513871
1370011
1181649
4857656
6541064
4889238
5483424
4850651
3925034
314069
2268615
4875487
4783285
4298955
3309
5632243
6081525
4824351
6439761
6554096
6652026
4859374
3952978
4857385
5131051
5013826
4834490
5134385
5417127
5186139
6441059
4836599
2350277
4837771
4877266
5246179
837221
4934948
2369853
696126
5443053
6094001
3147198
2674716
5917187
4902655
4897961
443856
2021218
4841184
212365
4889068
5860136
5971735
6580953
2131682
3078408
2689512
4790796
4829736
1345314
1841508
3974538
5812661
4850718
5026484
1366811
4973130
1258173
4967861
4835614
3122197
6252532
4851900
4768916
1848026
5242607
4819078
2816651
3584655
2673978
4663907
1008550
2988713
1317011
3523793
5311420
6142223
4810575
5670197
3545525
5890532
6604209
5217351
5206973
3911959
5488072
5450875
5932067
3564531
6122746
6237013
4841874
812733
4905217
6692174
3401181
4824256
2386677
4874992
4465442
6524003
4826241
4902678
4856293
4908935
2670135
6105386
4883303
1679285
5329305
3677425
3676325
3957844
6390476
5182855
6459499
5004807
1171234
3203455
4897472
4676849
2565496
4825857
5036714
3946062
4872686
3652868
5563152
3154273
4855854
492019
4867093
4882769
5574047
4807806
4811972
6343375
4869186
4909043
4427932
6549750
5610468
4854069
2381760
5130176
1047747
5625582
5029490
1269967
4811311
3088650
3290372
5449898
4882160
4900745
5619609
5531211
3888502
5551436
4828663
5409179
1610373
6119908
6032171
5033840
2606524
5515251
5177910
1500474
6715120
3648644
5036501
4767952
1102223
1056708
3368725
5769769
5407873
4898640
4813189
4714866
4717165
4833669
3899010
4852793
6387437
4857844
5570006
3647453
6420050
1450153
239704
4856475
6376293
4697951
5866188
4894741
5386394
4803731
4985583
4908206
6708293
5272901
4907900
6504301
5407805
1825710
5645085
5891286
5903006
6490513
4909359
5333802
4810865
6470687
5652614
6228535
1635026
1876396
5163436
4896108
6145162
4829137
2423282
3192435
5426654
747922
4858635
5150435
6559963
5348953
4812960
5969075
85181
4873545
207567
4417693
5323910
4765645
1455571
5103939
5998162
4876244
5903985
1272401
4820983
661210
6207559
762241
511373
5881298
4842655
4889351
4989741
1232766
4826452
4825804
4873459
1217128
4805055
6048068
4160832
3715556
4740009
4811165
6628159
3882347
4980758
6299688
5547386
6486602
4886161
4851951
4836354
1432295
2325238
5676681
4669822
6565688
5489390
4543244
3241271
2674998
1785604
4851117
4715497
387253
6686360
5915193
5448319
5328175
3284240
5740552
4990204
4833688
4813983
3075822
5534065
4850316
6643322
2903933
6223140
3944601
4627012
5671919
6723325
4894817
2119980
3001214
5466484
5274364
5716210
2855465
384708
3602775
4512625
4684465
5514247
4818758
4881865
6359725
5945464
4849521
6085250
4877343
6446766
4943540
6728188
3518309
4738295
4043506
5103323
6282492
2478618
3038028
880618
4841322
4886750
6048164
1734488
4820475
5279925
5494587
868218
4818839
5400902
5617370
4766146
4816530
3538726
6703105
4874638
778280
6542245
5222144
5681757
5323754
4876618
4862008
3623124
4876008
4837974
5530281
6110819
3766648
4845252
4830835
6461652
2553009
4852036
6081555
4839532
6116596
3327157
5648220
4877144
4843348
5215561
5410096
6291598
5662981
6235468
4849570
5358056
5050693
4884051
1397216
5154754
4531739
5049991
4827755
4895844
5608659
948312
5786023
5596929
6226616
1914270
1463763
5247220
4868697
4867836
5332403
5385701
3829717
6639942
868505
6365356
4857899
4842824
5339875
1528011
4662915
5839659
4892556
4840893
4724584
6070451
6257624
2154181
6549079
4869230
4880950
1061188
1067193
4875750
2187620
4924951
6501504
4887239
5026679
5967202
6410795
2219375
4660029
4890002
4863324
5349717
4862149
6077939
2334596
5519135
6268728
6170794
4815020
6243001
4450895
774544
4184770
6092778
4818429
148615
4716799
5948883
4825874
4897643
4849637
5418894
2354965
3923555
4254321
5597714
6717128
5920811
4989174
5325857
2027062
5247255
6020294
4834810
5161458
6088319
1479409
6606141
5431747
5827206
4839063
4850715
6317612
150243
2326092
4843369
6016092
4864556
1412604
6106280
5438678
5678602
1419533
4834630
652500
6201699
870960
2153557
6292471
5772844
206053
1949935
3038435
5975649
6140756
5831815
6061713
4887934
6155537
1344767
6573661
4054430
5745696
230451
5149869
4878972
1990946
3119667
2010324
4295932
6221578
4903877
1511457
4864459
5964854
5162250
5956109
2067272
2674735
6185293
5976515
1034520
1395895
1588330
5682352
4950703
4890391
6701317
1056175
6726494
5373984
4898152
4578079
53371
5794076
1037096
2755850
6141561
4866266
6061965
6434073
5385760
4510860
1739271
3122795
5908770
818280
4747057
2039161
93829
4598189
3574142
5470051
6204566
4828068
6386483
4853000
4325026
2896380
4669374
1780986
5503855
2261490
4853162
4858885
6179970
5262079
6445890
5731742
6660246
6367675
5140840
661176
4889920
6663765
5163527
5626449
4486224
2084941
4904299
4820414
4447669
1716821
3454357
1979135
5633294
4885552
4901753
685778
4875338
6332686
2780623
5497539
3930748
6050413
5515655
5681251
2857267
4315774
1734527
6452697
1008150
6027075
3031007
6295720
2540874
1318247
807209
5740862
6105025
1678849
4559325
4874836
6455642
4823103
4849228
4828335
2763552
4819371
4913561
5399209
2434185
685911
5158492
5682509
2470555
2599399
5312283
5690913
5502481
6695781
1562914
1225929
4832697
302270
5572337
6423688
5234341
5066485
5452807
3738041
5930123
4847206
5861344
6008496
3811627
6234410
6656242
5198678
2403596
2794897
4821541
4868543
1720073
2272768
405439
294180
5087772
5048679
6160515
474957
3625053
4683721
4886317
4748904
1683893
5049672
3209531
4613592
4810860
6670317
2349025
6663831
439066
6358347
6046070
4821810
822414
212149
5705990
4428855
4789819
1248473
4871394
609661
4818902
4716465
93592
6531746
6212290
1850461
3680311
4860230
3245807
6534134
5018440
4036194
5316951
4448496
5567024
4848056
5573690
5194039
5013234
4854184
1162846
4829326
2466940
6169817
5335519
2718841
5232793
4832966
6469759
4228369
641193
5493160
4816809
1330953
4883023
6085560
1191248
5243116
5929711
4819135
5257173
2393261
5687722
4054325
5376568
5366183
3022961
5176875
4853258
1065624
4895114
6458451
5826639
5534120
4266191
774838
5545658
4820096
1413258
5734631
4870018
641791
5575129
5231824
5249710
6059160
2447998
1923795
6302153
5816857
4835570
4880840
2969786
5169469
2627445
5834001
6055398
5017051
3489622
4886698
6075119
3783012
4887473
2802543
4830179
6721400
5268320
1676730
4904481
4865515
218833
4860564
6337587
6432324
4899586
2083711
4866014
6007940
2692249
4876655
2532542
2021742
3460619
2648851
2088271
4889246
5733513
3904221
3811112
6544992
4690523
4821607
4541667
4907813
4878829
4432276
4834814
5671312
6074988
4047404
5528679
2113016
4982351
4849585
5734977
1161155
5101831
4860686
927624
4832992
5089973
674696
1746846
4855111
4814754
5218730
2887160
4815808
3280640
6651667
1231259
5017124
4891699
4820254
4891447
6688495
4843878
3254904
2974640
4833291
4883351
6704194
1477400
490991
4821166
4858606
5050902
4876535
4748663
4908192
4895363
3931274
6386209
6548964
4840392
5589927
4987021
4885670
4820670
5012305
4879223
4906390
4490712
4873325
930517
4865612
4835723
6667725
4955904
642141
4814042
5734938
4697531
4776506
5552085
1528860
6550635
4857068
6667820
4824252
5452359
3767240
4230928
4822933
4882226
5817105
4841530
4781650
4892212
6106477
2367687
6709305
3506402
852316
3539302
4788199
1384335
3328589
6349363
916630
5339783
4886412
6219772
5464596
6215260
2520065
5316135
1221115
5314723
3498198
4849046
141268
5875944
4887117
5468461
4860037
4828579
5735090
4320276
4858944
6522628
492673
4822888
2337814
6716247
5971633
3472132
3082367
4903791
4878302
632055
4711694
391711
5809048
4825867
5486599
5252961
4871236
5395106
4816037
6374032
4829336
653289
6231424
2654442
4861163
319824
5814539
1308225
6624744
573015
6370381
1583824
5205794
2725153
4879749
5098923
5969913
1421966
5432789
4526042
5383035
2720517
1417390
3009839
6250738
5600668
6077329
1763110
6406234
6071559
5028851
3254711
6611389
5700309
4712778
6318599
1185485
2905653
4908326
1280185
3388089
5272316
131579
6551137
3304052
4908648
4848437
550339
4896595
5407949
92062
1772291
6107547
4799526
5785374
1462798
5562000
1793220
4902504
4853483
5851683
4300121
6005835
1850164
4623479
5599728
4894233
1091457
146809
6085552
3982341
4898313
1057224
811741
5786041
1207739
4976688
6597758
5053826
4901255
4743388
5246567
1357193
6096117
5193072
1889097
6135284
4871768
5434891
4776574
1113770
2891072
3063589
5588938
4092234
5868628
5057649
5657704
6199199
2166135
5260250
5935807
5420396
2329836
3112015
2152378
5691031
239976
3536799
5439320
2556971
4810462
4796890
1217020
4796667
2994402
5021253
2894354
4328363
4902738
6602566
6254164
4317316
4862099
4866068
3606418
4809890
4832962
5467426
5868179
1210518
5171305
5021131
5515318
435933
500694
4627175
5479930
2975856
4436940
6619746
2582788
5707360
4897423
2889999
6417871
4688226
4837301
3513334
4787197
4403686
4848311
4875455
1543124
4873090
5405507
5639526
1725797
4786957
4266608
4805574
5271524
876528
4866218
4272236
4851033
5830938
6254177
5182630
6022962
151224
6691565
6524883
4864339
5529678
6438116
3038598
6475071
116501
6449484
6234908
4033976
3229144
815231
6422928
1036154
1864803
5065979
4907736
5672641
6148982
1863370
6483147
6222566
5073727
4907332
4357406
6391578
6549348
5084242
2897645
2292510
4461029
5769307
3310486
5843879
5604904
706157
2389810
4892922
2936324
4755791
1724308
5084789
5011774
632867
613082
1194210
3506410
956017
6692979
1839446
4705473
4900091
1123050
6580502
2269245
3149907
1636368
4903385
3419311
5335854
4821249
2494668
5223499
3074590
1489523
4886483
3598238
621860
3846993
4948511
3610787
350254
6086904
165046
4847792
6689495
4906048
4965867
6551020
4779167
4836884
1738348
1171372
5539764
5910830
5492775
4264001
5560209
5752605
6367409
423310
4810995
5584281
2094863
4809829
4824063
5356476
4910627
5380966
4852144
5897102
5021611
6542653
6552626
4346032
4131486
6071697
4713819
112567
4832655
2877047
4654834
3971574
2872917
448808
4882633
4786711
4816254
1609850
5461867
2124040
293430
4819585
866553
377655
5655422
5670385
5435659
4819957
5548495
6356656
6298322
4884617
4743073
6569513
5188290
5827753
6258828
1591929
5146908
4890507
5618272
1170344
6433391
5696402
5171916
4897591
5471627
6469255
4831574
125625
4827308
5378261
4297117
6185825
4867878
5673382
4877133
5367589
6115057
5628180
2191271
6541122
6125234
4833035
4064811
5811776
5782055
5631073
5933203
5524785
2354033
5776634
4249061
1527123
5121817
4901680
5463902
4867958
6574109
6116201
5305634
1891246
4848570
4744868
2487487
5732801
4852416
6320096
2338822
5779985
6540431
4303448
5301512
989712
4882017
4881282
4718956
5490268
4649668
2890280
1335976
5856805
6276954
5366076
5783184
1649305
5487669
4890417
5945902
3752080
551712
4951508
4818280
455749
4816822
309963
4889561
3841477
1163195
6688522
6561016
586428
4858805
5235976
5134920
4356336
5144698
4628857
490301
5468579
6119296
2653006
5141910
2169586
6547074
4793509
971159
3575986
6036158
4811537
3820306
5037837
4903690
6178947
5575139
1087896
4783504
6161325
5543505
4831810
5119943
5758288
6178966
4903494
5523418
2689885
5310796
4853027
2711670
6421492
5521679
4861825
4935442
4679097
6393931
5558352
6070477
5184317
4872443
4845277
4885873
4867854
1311402
5014077
2063680
3686978
4977930
5431042
6302451
6697327
5799045
5227860
3974884
839861
5274582
424545
4803974
5505547
1427686
4889462
4414351
4816061
5387425
4878004
5686772
5742629
732767
3866300
3006057
1969402
5529316
5772256
4793875
1980418
5787684
4853457
2534496
4887917
4849211
5619907
4702422
3897556
2378536
3297003
6671701
2142554
4622186
2863866
4893180
6621830
339639
5200061
4823516
4927084
4840881
2567203
4901641
5751650
4812668
6446754
677856
6424991
6154375
5800138
6171524
6256687
4849659
3981776
1337966
1438158
6570705
6313488
6253378
2305578
4817922
5482830
6712522
4866192
4833496
4513438
4875083
5403798
110862
1748532
1196867
3986311
4212310
199039
6114423
6619710
240742
4875836
6445428
4886953
5268806
2354650
4812157
4676310
6679154
5876260
1728328
5516183
4893745
6319339
3229761
1994183
6039788
4840917
285011
5417051
4809084
4810088
4763803
5688580
2926397
5438421
4635294
2218392
6450092
1248236
3680106
6709096
4826001
4821490
4581517
4904930
5214590
5941261
4881674
5682927
5036946
734533
3993964
4857478
5603273
1893658
6387017
4923545
4587729
4866225
6673828
4702134
5063203
4908057
5939292
4829181
4885395
4882718
5009556
5187662
3270322
4871403
6246483
3429232
2703680
62254
4820847
4859315
4844932
5833959
5698871
5208556
5833701
6287619
5792997
3090326
4839251
4092116
4906781
4840780
3029998
6728780
5051020
1461426
6365659
5364631
5073656
6723713
4848351
946298
3258252
5355021
4864380
6525107
4741648
1515694
1102407
6685781
2370019
4814109
4841668
6526439
4908349
5004621
1622321
6691659
4743175
5865158
5598855
4856459
5958013
4878092
976789
6359950
2692023
5644003
5241947
5770659
6725539
6350099
4923603
4904196
4890982
5729585
6669346
4892662
5865457
4809889
5938467
4056621
6287897
2926361
5240323
4796254
6428164
6697601
6286627
1578184
5076365
6168906
1244645
4871249
695817
4847620
4572858
4904268
996207
5387966
6553352
6083507
1905530
2840142
2571811
3185954
6291543
4932310
4711676
6584493
6063336
4834393
4967254
2915562
5485321
4853083
5845326
4847277
5148163
6698180
4896051
3837619
4907322
4912417
4828392
4876677
536778
6445850
4843629
4910309
4813879
5252136
5473294
6664749
4649993
4878997
5430647
4881692
3348395
2768468
1657066
5476881
4813096
5195204
4823497
6367230
6623328
4766583
5782276
4966913
4811099
1948288
1315349
6193759
4809435
3669269
6095944
4861204
5158056
6391549
4826366
5729122
4223756
4890589
4775569
4830025
6603737
4830205
6671445
34122
4844985
2063356
4863639
4858352
4924632
6597925
4653240
6295363
5296289
4109688
5480955
5426567
6563988
6222240
5671945
5648399
5747222
5032631
1576823
5768517
5086995
4836419
4850516
6428515
3967488
5248714
5627819
2213942
511086
1980402
4826923
2979009
4817253
2660290
6120397
3014571
1645867
4996439
4907178
1229430
2628111
4854815
5826826
6300964
5335242
5889979
6227388
4113145
6251749
2970666
4794011
4842464
4847744
4744357
6595392
4849583
5309681
4891506
4833530
6288229
1706180
4853014
5622979
6613928
4861060
5367510
5139003
4472719
4876217
1409520
5047335
4846314
4861341
6576441
4804869
4839077
3994711
4793748
6297406
6404343
1906876
2218806
6118907
6387208
4578775
5775876
3743361
485785
4843927
3368697
5060228
1960390
4812284
4533149
4906234
5181947
4905575
6164472
159557
4819221
6715541
5044351
5544273
6051410
4685166
6709009
5249593
1726887
5972549
6013718
4841553
5748661
6011000
1843924
6504036
4844610
2850418
5373928
4486373
422269
3930099
4780160
4301017
5716382
822737
5969730
1280265
5351743
640607
6247973
5214138
6622958
5798472
4838403
4903810
1895207
4808093
4860607
1709596
5615436
5082786
1658157
5364850
5719872
5713582
5470850
5158009
4899026
4861097
4442925
6280511
4821347
4409032
4874954
4822889
5219134
6493009
4824218
6407822
4931520
12877
3016361
4723316
1537106
5101332
4894085
739083
4855446
6570500
5311379
752516
1453854
1317334
4532081
4982287
6514582
2690451
6341572
4888085
4784801
3613070
5581029
4897183
5594649
5856780
2387371
6615526
4860462
4806261
698996
102957
4842628
6277920
4825738
1045289
375502
6077251
2478196
4767224
5846975
5056160
4103672
6505883
5895056
4813902
4814285
1278897
6685974
4909534
6220401
6446993
3437955
6206281
6267164
4854393
6664770
5830794
6502801
599222
6572324
5029117
4888930
2272913
6363201
5455237
5085432
5496590
4869093
5137784
4901933
239139
6444804
1099099
4899251
5565559
6141651
4521602
4883820
1004481
4867550
5202010
894276
1128873
2577145
4987000
5238270
6374973
5152990
60799
4827960
6507922
4950990
5463515
5102025
4812365
4882430
1586591
4812437
4733573
6430037
3979471
3012284
6603521
4972000
787347
6259711
87200
1096995
4867048
5321378
4697936
4846987
790124
5519837
2803932
248268
5852768
5330645
1371818
4843515
3425938
4858664
4815829
5350258
6722176
5301122
4412050
5585394
5778576
4240692
5213728
5509647
4775448
1693365
6359670
4414896
2256366
5010873
1335611
6641930
5971705
4882805
4922499
5032597
1132886
4854072
2325134
5499573
4276705
4345866
234065
3118973
4895044
2410617
3374132
2828643
1246353
5309335
5653536
4656081
6381318
5888894
134764
4897329
6000476
2054342
2640061
5436606
5015678
6463345
164543
5052576
4815570
5787324
5362312
4817512
5004876
4722577
5315428
2982926
4816546
5293265
5688535
5117691
4859344
1997682
1604858
5596726
2967456
2160449
3291200
4909046
5215726
4021084
4893646
2301695
4835978
5744537
1666090
4766093
5917401
4905294
4832989
5460779
4295482
4849499
156922
6412633
5484583
4302045
1598420
4592863
6552962
4830556
5862328
2414263
990008
1845243
4860232
4836233
5137933
4829292
4853817
6492097
5232708
444994
6527488
6098653
3982884
4829077
6553371
2339615
3635721
4550930
40370
4860110
2883271
1402892
4946769
6236297
5651075
4872020
4818156
5883631
2509892
2043428
3397496
1150353
5297120
4868007
1399247
4824636
4921427
6546348
5676073
4916723
4873141
4555297
4476221
6711106
2094003
92173
2430443
4644178
531697
5360366
4865365
4886131
393248
5299569
4850260
1781778
6479457
4822254
4840224
6575675
4979392
4832784
5365482
4896261
979491
6368957
5385746
49480
4813617
5906755
4874812
1873625
3762773
4821709
453427
4849809
5081456
3010133
4063752
4930452
5409095
6065305
4849670
2120242
4600836
6414547
5734578
5550848
4573962
5480911
3622479
1039447
4829599
5945922
5471139
6406102
3436111
5165493
5127659
4864509
6725389
6165843
5253353
4867169
6471701
4894463
3129312
4888585
1529015
3585211
1342759
6020228
4820229
3113691
2683904
4934674
823193
4875629
6174690
4856180
1880947
2815468
4828634
4882894
5231474
4014727
5323577
4896439
6587956
5326561
5417120
697334
4799905
4372042
5827414
5324213
6115950
3920025
2865879
5033861
1425925
4567987
4959512
1411568
4190846
5771356
4864051
5240471
5813569
4886249
1711421
3419330
1882925
920009
4854329
4705529
6298767
4887700
6067826
4774796
5999235
6405252
296623
899882
5330646
718617
5304287
1109667
4854693
4525182
4855683
4812977
596626
6612192
2654302
5880510
5506952
5536083
6108150
5798481
4868596
581652
6514102
3367230
4863267
5695758
4416206
5387141
4841126
4890680
808674
4822391
3848071
629404
4833384
3888643
4849898
4902677
6109039
3072324
3150241
5001083
4615345
1435965
1540952
5206812
5542153
3170068
3488026
4879690
6126311
3524129
4840242
328373
4855379
5829652
4853179
6349786
812042
6540363
4436698
4888918
4423776
4678935
5358862
5220911
5664735
4692087
1311058
4902748
4812325
4674691
6174945
4900906
4847730
4335830
1100614
4528524
6232271
5407010
1779062
5721900
4891963
639219
4778815
2447953
4887188
1509813
1792455
1472172
461488
2199708
2550386
4888840
6456046
4862718
5027558
4886262
4949805
4885865
5052809
5232892
6638836
5887255
6700042
1127404
2197115
6284370
4779513
4881011
6211750
2301195
6591495
5739689
5706985
5276103
5155703
3750612
4814081
4107825
5547611
5683587
3994242
4855219
637482
4896076
4810951
4881267
6115515
4822131
4857424
469765
4842848
6424793
456848
4830711
4847281
1743700
5042469
4853163
4978848
5639145
476967
6272673
5463947
4835198
6559970
2731541
365242
5926834
2605068
4663278
5615683
5944117
6692994
3337577
6713973
2680078
2086135
4717981
5837855
6631301
396962
4052769
4822099
4809491
5281256
4821587
1393085
2538316
4866297
3633759
1386821
5198424
6320057
4848894
5385248
4812151
5011373
6043343
4857915
6119390
4780370
5035644
6564386
1464567
5366475
14172
6101596
5093399
1882034
4905712
3206853
4851477
3900281
1642910
4519762
4786168
1920631
4868034
3041671
4908250
3130031
5233677
6465301
1056936
2540795
6664221
5477699
5110077
739047
650921
2995116
5738799
622167
6169828
4965881
2677576
4660384
6268957
6343635
5122196
5722236
2569658
6437977
4857950
2052910
5492845
6401430
4875641
4819953
5945742
5426884
3628850
2422377
5533540
1007278
6714413
4858387
4827073
4892594
1548500
1133700
4688499
4907284
4871918
6554122
5271458
922522
4705029
4901413
4846369
6549411
4870148
789742
4900920
894959
6225879
4919035
4830104
6012558
5243156
4273498
4886084
3707032
4844248
3957967
4849622
6083140
5594788
894412
1888916
649713
61038
6043138
1073144
168533
3101594
6374168
4809086
6667918
4855001
4841030
1775988
4751732
1519280
679797
6104950
4952513
2662960
5939470
548451
6416500
5528320
909267
6013455
4895741
3424397
4850132
1938690
4868606
4972337
4868937
4823440
6388389
5418995
4707003
1178074
5181803
3902887
2719520
4923533
2845685
4994001
6629367
5925768
5350035
5779467
4895230
4375401
4943798
4248867
5443205
5170351
4881085
6507338
5605089
4837054
4878598
1076852
152224
4888416
2552116
4851877
509
5604585
6645536
3903754
2821838
4062231
4801149
5815378
4862320
1954701
4866391
4905433
5142915
4831292
3703056
6142869
6270501
4412399
4717266
6431968
5319875
6055121
3750806
6269310
4879246
4780214
961506
4821902
4884544
6179850
5747428
4826117
6683505
6070739
5349920
4536530
6661316
4125250
6306376
3019001
5390061
6703415
1244346
6693321
4713088
5469023
6672072
6525931
943406
6047355
4990725
4558301
3467714
5508444
5635788
4861095
4867788
5045744
5178343
5856660
6316211
2301273
5134323
5482780
5013666
6567651
6224509
6430961
5706921
6044909
4522893
564978
4859589
4892313
5833950
6396580
410954
4159681
271315
4878209
3499416
4894211
5358262
6610845
3741589
356234
6449326
6350740
1764544
5845102
6465077
4869265
2269696
258391
5857470
5441731
5021119
1732994
4761682
6304714
2912106
1821548
5368665
148692
1310023
4992835
6518558
4524999
4809551
3793247
1163853
5231348
4843049
3200214
6115808
1395152
5809023
4494937
5112295
4875132
2268454
4883968
4869208
5417629
5466244
6163123
4888074
4902146
6029903
4886557
5332446
6438497
2855875
6006023
446386
1240935
4855901
4849059
100802
6645375
2759836
5378643
6259883
5825288
5184902
4172851
5537067
737621
1271307
5594933
1877488
4855698
4813541
5064107
6211876
1366700
3227840
2261432
2318842
2843972
4848807
3889823
2605806
4825201
5011090
3024780
5073433
2536078
2052460
5386789
4375728
5070689
6478598
4834032
5341735
5600761
6659276
4977246
2628644
853186
491658
1761018
5723069
4998040
2088300
5867165
4890133
88624
187823
5697333
4652575
4850793
6619723
4345656
6504160
1201866
4811372
2722649
5538825
4883806
6678600
4850097
4900392
4803907
6593695
6075144
5062878
2198686
3303869
5989503
4806442
4896464
4182800
6122644
1482572
5103364
4149509
6423988
3630602
4870821
5513054
4617508
4862382
4905108
4174385
966308
549937
5404884
6127381
4845167
5583458
5933176
829547
6635811
6717382
4895846
4898244
6017793
638538
4310907
5582260
4908548
5069452
5297652
1594021
8561
3035905
2092016
5345345
5769397
3154877
5331213
5904709
3104019
6106300
1889340
6160933
5913875
1215980
5478940
4957275
5448153
4847630
632703
4849218
5442472
1193272
2064361
5243099
4859013
5033700
4786557
5895074
4699599
5191268
4894707
4908862
6409367
3771306
4830034
5981655
339706
4848787
2141617
1444066
3372703
1189213
5496333
1070918
4423916
5934399
5430435
3545834
5176476
5479811
2762158
6441632
6506046
6615078
4296310
1089484
2662682
6120216
2319113
5888622
3607328
4944330
4905415
4624881
804678
3013066
2505170
5048145
4782796
4900312
4868896
4230401
5972962
6148739
4683656
4811285
4182966
5031109
571690
4864863
5882921
5050040
4882932
5035847
893007
205808
5599639
4695882
4827179
4855568
4852890
544500
6573918
3380
5839951
3075832
2086489
6670882
6126244
93784
929384
3330811
5452046
6644774
4824986
5240328
2928094
6424314
4869474
5272380
3409519
5647594
5851832
6239131
5305172
4820727
5957946
4868134
1395279
5410202
4653975
694745
6325936
5246135
6709055
4760165
4844025
6089483
5391860
4835779
6670057
4883946
5567173
381611
4828685
4811810
6332336
5296026
4817609
5421235
4811715
5081673
4818254
1725593
4896829
2266474
4952777
5218936
3112275
6033259
4826719
4987804
4903482
5505510
20925
3973717
522725
4871061
6071694
1993486
4386756
6353695
2766316
1571379
6386412
5971095
4894161
6402414
808193
320976
4814313
5043364
4898688
6187741
843094
4817851
4875957
4826823
5466082
4835398
869146
4907377
6525241
4848702
4895051
3185934
1822195
4868686
4821333
6433764
5675846
4293040
6693031
4924493
6129534
5100324
6560238
6384062
2261242
5335629
3267419
6665341
5020825
1043716
6024674
5130440
4904798
5506688
6288348
4896088
4838702
6359288
4908654
6710500
2877
4870612
6388417
4786203
4864696
4841339
5653294
2327565
174793
2955198
4886277
357938
4707839
4844452
5170225
4280584
5446944
4828310
4859176
6313410
3660538
4778293
5346795
4865546
6379412
4866777
5573465
2744844
4889616
5859303
2271750
3836404
5320271
5254106
5696546
2325170
5777576
68009
3610680
5863271
322165
6577115
6726176
6074194
4831722
4284206
4884354
1536000
5923105
5770616
6557969
4175170
5213515
4891399
5153714
5570719
456116
4848820
4811324
5990051
1217556
885460
5499819
4852017
5390044
914593
4981563
5605817
4846735
5364484
6316870
835271
4376026
4886409
5811770
5033381
5176901
4864093
1881701
4727897
6253877
4829024
6449507
2179573
6070289
6005347
5769074
5405703
5163916
3840253
5479156
1943391
5472866
1864947
3349382
2026762
4935982
2874805
6409365
6142519
4992087
5684110
4894998
5602185
3614482
6205052
1580311
430683
724155
6097994
1312546
6138592
4853368
3037952
5206714
4821061
4888820
5492027
4759877
2075672
4025851
5358395
6011048
5481486
4850623
5449028
3193772
3898481
4887537
4815346
1221960
4729813
6423245
5141878
1129894
5943329
5789241
5132447
6192306
2070693
2560418
4881080
2441320
1363441
5613376
4942722
269599
6461996
2853543
5641882
5338765
3460009
4899008
3350508
71249
6655077
4895977
5363073
2672880
5561560
4725328
4834042
745132
4340758
324844
4828093
4055346
172311
6219453
4845437
5865869
6205688
4824433
4908519
2576108
4594452
6394085
564736
1392336
4804668
2741429
5870728
5445630
3369629
1400028
5246341
4824309
4427084
5725699
4810658
5426549
4298440
1720622
5942205
5475493
5569815
2472469
4891047
1923427
1740071
3799452
5514170
4784855
5680304
4830509
4330715
1804704
4193660
5326981
5854940
5081941
6652520
4872105
4855155
3050434
4904348
4852761
6000745
5287308
4894129
5669357
5682621
5845802
4188183
3855967
170069
4918634
6641847
5003635
2440143
5583887
5196485
4967972
3213690
5949878
5482013
5032669
6702799
5320272
5081909
5884013
4851749
6231723
4550404
4785464
1488926
3722172
2885731
4842872
147388
3509764
6017394
5998272
1547603
4895682
5699761
3482782
1482829
6677597
4193327
4860223
6098219
4914717
5163920
4778683
4874014
1219794
6164242
5093388
4688780
141148
5007634
3765418
6072953
4617154
2956441
3179309
6002420
5097265
4903315
5553448
63737
4894338
4873643
3446436
5126304
6234
302189
686814
6365110
4702113
4853366
1659032
4845325
5144243
4900769
5417824
1911028
6245827
5638954
4849996
4831544
5500474
3010943
6069097
267203
4855401
6355428
6602802
4013941
5971717
4914051
2064379
5362091
6441076
5836106
4115762
3618369
1237254
6647672
5642773
4782236
1901957
4797931
4882046
5836688
3222400
1353675
6340447
4785200
198880
5050408
1458958
5727199
6074847
4844288
6323224
4869432
4830156
1615731
5337741
5350177
4900515
6377807
1249078
1046875
4809373
4762476
1584840
5917721
5906479
5747818
4825537
4824239
6093839
4856711
2425642
5266782
5758740
3859858
5126746
6167026
5090241
5174019
4519551
5762126
1562067
5905587
4785000
4809297
4896798
5008526
4886311
4851870
6668270
5590090
5250260
4838413
5280506
3855223
4170533
1161355
5364930
3130123
2404537
6123387
3326801
6239369
4841166
4860069
4859759
5313659
1720901
4658892
1383575
6019519
4697260
6434113
4857259
4840017
4909697
111456
4861377
55077
4655704
4888655
5191891
1101587
2820972
6570235
4387865
1368480
6054702
4832552
6075310
3256684
675316
5262771
6253888
4806651
5609514
6609900
184928
6663725
5783230
6680052
6282648
6249985
6464984
5341940
6125882
4652917
5377823
1192974
463450
3940297
4212024
5588211
2892614
5591305
1592157
5593650
5752168
4886859
5015060
4339144
1717287
134908
4703427
617116
4873156
2546803
2398101
5342908
4869797
5479674
571518
5008863
5353981
851353
545831
2250398
5429354
4878514
4870830
4903412
6230298
5492569
3318271
765877
4875824
4141946
4695
4927438
788858
4779611
5165731
990667
6384364
4831041
6610800
6437880
2997856
4740775
6082382
4709599
4901006
4775086
462003
4692162
4528501
4902594
4843783
4297215
6054958
4823437
4834498
1188759
2281950
4883074
395404
6061541
1420642
4864846
770536
2559610
4394408
5121490
4940262
4759214
3960818
6394276
2012826
152912
5544088
2885628
4585875
4829146
4901059
4824508
5389461
4816505
4832250
4903134
4831157
3892556
901113
435583
4480844
1826776
663091
1904048
846615
5434341
4872943
4838023
4831715
5372988
2531560
5002979
6413793
4857135
4886347
6110920
5008119
1540071
5151387
6601834
5300479
5005877
5669447
4896815
5877428
6193788
4701321
37364
157432
1209668
213235
6305603
1839479
330366
6262297
6234297
6211076
5528685
4809905
4850243
5153580
4817270
1913112
6259708
4011551
4895039
5449825
3651616
460643
4840651
938327
2176956
2444662
6327321
4867845
6382370
4866446
4837505
717371
960071
3382012
3806208
4699161
6297011
4837188
4885401
3447060
5536911
1112817
5276379
3181416
4840496
3458685
6223457
5929044
3130427
340921
5278297
1829472
4819537
5155352
5605351
5658860
300390
1640457
4811773
6070859
6233255
6635459
5018349
4917212
5201257
5581796
4816213
5717315
4858858
4859505
3002196
6255318
4746367
4825838
6598522
6391968
2304873
4854295
4876065
4855330
5583506
2966387
2743214
4450524
5341775
4835178
4884611
4714604
96126
5001084
5568427
5352457
5266797
5882611
5957295
6404016
5689878
1879500
6088400
5281675
6117741
6014496
5996102
4907544
5575602
2099155
5597756
6105245
5448350
2836381
5275096
4661360
6315300
6471735
5400177
4846960
361392
2415539
5331461
5153767
5089719
748359
4822159
6574637
4806637
4806346
30687
1666362
5908152
5406668
5890457
4862617
4809008
4885100
5867717
4560472
3954378
3189542
6181455
2108616
4807012
4904089
5135178
6540425
4842575
1858744
4841966
5495515
3288657
3656562
5185860
5116391
2726103
4928753
3519588
5855409
6102411
6022429
431984
1007455
95379
4794682
6152718
4881636
606066
5885291
5907538
4065160
6729296
5446173
4798416
483154
6702980
4699737
4817230
4869244
605166
3923398
4678086
5265364
5070187
5873205
4837191
4844777
5630386
4811050
1756525
390865
2063913
4514675
4822208
6440708
4811006
3469427
1319058
3740606
4808675
5840455
3083795
4755585
4852618
5508078
6611016
6451728
6449728
5121826
4887896
4910393
5504992
887771
1533429
5629773
6356881
6680150
808077
4965276
1963749
848558
6389871
2601300
5250872
1105527
4883880
6099830
2284063
4773138
5183192
6086771
4908441
4645609
6298689
3817347
63605
5862546
4891767
1939296
4881780
1177057
6529041
3168756
5160711
853540
2631397
4878456
2357817
5962508
3268178
4906732
5650620
4837004
2049402
1465000
3689405
5969090
4906189
4969860
4880857
4816608
5432344
4834855
2884645
4715276
6285405
4857768
2560976
5824482
4879664
2881828
738609
624134
4336229
5220510
5875018
2640632
4686324
6674160
5090708
3928102
5684107
4735878
2410069
6089763
5004065
5077438
6024987
5792565
3224574
5463937
6599679
4853105
6145325
112272
4971425
2904787
4891581
5772317
4826393
5934904
5698554
6462493
6046732
2690604
218044
868919
4843838
6727499
5847808
2538666
2383922
1858547
147834
1435809
3957598
4836820
2019699
4880281
4826110
4872461
5528464
5396025
5293014
3685363
5321194
498749
4839894
4537611
4840215
5044428
778985
520476
6023766
4830321
5693254
4872814
4161037
632510
909401
4871483
4893810
5764260
4824215
5762965
4821302
43560
1338480
4895123
1799905
386090
5034953
6426526
5262041
4969284
1950886
5173467
4050045
6537299
4699671
4976797
6070563
5468827
4835573
2574985
4993765
5353585
4819168
5805028
4957398
5245779
5052199
4702035
416112
4812837
4578295
2500854
4672797
5413295
4327082
4555033
6427175
4881043
5460760
5097969
5021907
1195471
3882725
3813513
4151835
4877134
2296520
5732442
6044746
5108878
1870528
6048869
3994271
4900479
5554531
2488147
6101506
5694996
913965
4885860
6344513
6215792
4694557
6457736
2118766
1361773
6625741
1277887
4851770
4840390
5145891
6156321
6691955
4672449
2838597
4904645
5696127
5346363
5845220
176351
3455245
4836331
6401287
4889500
6392900
5474963
1274060
4939220
4666261
4883009
5290287
973705
6242648
1452180
5015766
6394122
5727785
2424492
6176789
4809567
4893998
3720504
6625360
4887039
5421228
3988936
4874000
376488
3569672
6693875
6109703
1688983
3465508
5742072
5628749
2107423
5790237
2311094
338520
5943227
4862462
1645799
1089079
4909377
660026
4317265
193308
4707184
5424604
4856045
5893853
4849481
2917349
4807727
3579341
5891379
6113773
5546357
3051616
4808740
4712012
3144161
1059172
4939901
4844474
6155573
6649222
4883214
5585149
4854466
5100075
5300400
2040942
5957938
5101757
3682097
3056652
3450954
6151705
4856913
6409953
6684145
5134024
3989688
405707
4872595
5675842
6663436
4876301
4849611
6303376
47305
3819855
57452
1621126
5687647
4460844
4746228
4488163
4415352
4851830
140187
4598379
5929566
5873675
4908178
4292477
5734814
4896105
5084543
4817433
5962472
4589314
4694559
4562400
67614
4871067
5014574
180250
6069148
5712310
4881608
4821769
2563727
2598752
4725066
6447834
2385612
6506390
6612657
1402352
4839591
1434680
6082366
5372316
6681046
6098371
5198129
5521302
4826939
4844527
1447624
4895167
5140266
4091867
2971681
262361
5627676
2798948
5546277
2167003
4982858
5197111
1369306
3162476
5358787
6165323
4858184
1967842
4858376
4956244
4858646
1082905
4896884
198756
216768
6004497
6719436
6044803
5274084
5247907
5609645
4821671
5581583
4949034
4712702
2101504
3981224
3029812
5515953
5119424
4866905
4513424
6351343
4884190
4903260
4860317
4962380
3513718
4221486
4794821
5204239
5925364
4899976
4857484
943072
5877174
4856074
2190653
5597363
500816
5462073
4687243
3229658
5144103
1993315
4827873
4920020
1632992
4891937
121849
4931122
4900774
1905976
4865956
4860586
6578797
3775905
5872073
6551697
5866154
4885906
6715107
4889078
4845163
2532917
4877495
6380309
6539793
5667215
4817374
5924865
3422541
3570439
5823338
2522853
4857631
5677606
2527985
4855457
6296659
4898664
4183975
5990266
4776185
4823264
5225022
5362576
4906197
5475164
6606246
1985889
4845979
2088876
736577
3456666
2070398
3640506
1981091
5907626
4658132
4867221
1048597
4888618
3082446
6187818
125869
6193670
5598669
286770
2585681
5878489
480205
6480305
4827551
6035978
6566662
1051618
5143819
5240782
3867497
6289492
4347928
5646938
3683552
3537966
2053243
5394900
5067577
6721005
6346264
260062
4882014
1632739
4797905
1244793
4794532
1563925
6615929
4843514
4659082
4855593
4017858
4655859
565539
4918403
4958736
3487687
5137594
4879353
1459889
6513829
5006514
4695969
3594269
6234771
4708656
3205997
4908415
2386674
1065160
5366098
741508
167955
5215611
4812816
2588023
6433015
4896856
5862971
24923
4916069
6216607
4371268
4757906
4866455
4070899
4637241
5585292
5609841
4857063
5950538
3079335
6079781
4707359
6641353
4874008
5921644
2823906
4839416
4899277
1155424
3102842
1882394
4840063
6509721
2385248
6292305
4790948
6698231
4899573
6565475
5814999
3290458
160325
3747517
6060907
5491239
6171981
4821562
6290349
837423
6435054
5169983
4839362
4879574
5767243
3780693
3254751
6356523
4817544
5451393
4890197
4814857
6430014
4848876
564516
6680611
5193365
5324197
5465287
5404832
4694779
4943303
5408260
4865588
5202751
6106056
5603370
810296
5200215
5362468
4813559
4247289
4069920
5595749
4709016
6688048
5631229
4544501
4680970
5479812
6277286
3666944
6164411
6727414
5428528
4849706
2964105
6366617
6719038
6703876
4839848
5634951
6267846
2693847
4903934
351896
1345167
1790948
6131438
677192
2463847
6017211
4793114
4802182
6016109
5869832
4948299
2477031
4768076
4821182
5353482
5446813
4825742
4980521
4872148
6497575
4835840
6155956
5590244
6684961
4833327
4808685
1526349
3778016
5631312
5720740
4746451
4867578
3131219
605089
4806209
376221
6074894
4867700
1110942
57589
5028497
4906938
5240221
4891119
4909467
1302987
3803103
4922269
1951400
6105813
2075645
4875587
6070490
4946585
113578
6594641
4760064
6025738
4231506
4751205
2221992
5042884
5591525
4859899
6418193
6423580
739775
4869420
4895402
6542160
5910108
1093951
4852553
6050473
4774902
5661529
4821717
6298184
4847121
5729103
4903645
6591423
5404329
5019993
6604020
4822878
1149929
1796884
6277797
4944192
4839113
240572
6540430
6112866
6006082
754137
4812181
4892867
4460898
1804124
4182696
6463761
1488138
5408442
5444671
4691633
4879710
4877297
5115009
5752225
4575851
4867125
3533486
4788926
6102145
4817244
5439635
3740265
4968271
5600328
5189069
2180465
5524371
517962
6675924
27026
4981283
1144252
6370217
4868327
4840302
5506837
1409188
4897377
3602585
4880746
1488002
4929239
6317625
6615717
4820718
4755724
3164339
3225088
5685176
5582362
4832801
721199
4858327
4893769
4875815
5767130
5893640
829686
77182
4824074
4891722
462129
5923593
6376943
2826961
3978277
5936878
6027558
6606326
5214117
5721207
5809897
2591485
5443333
3571912
617340
3736557
5792827
4836784
4862925
4120039
6504273
5744562
4884385
5807899
4652491
1003691
6682956
4884756
3424621
4861110
6307749
4904687
6211757
6152005
4802026
5589481
1409187
1477762
2105523
2416033
2501255
5527500
5185214
4337198
2503658
4836362
4860301
6648778
2935970
5064152
5080933
927951
6500915
6014015
4794787
712833
4717463
5009698
6028134
4819851
4764649
5054810
6628353
3127959
6429548
6081681
5768538
4852428
2544379
4675437
5795347
4821103
4854274
6032772
4875032
5305845
2724270
2609136
3928513
3104501
4378031
1565505
4907903
3530664
2011157
6561776
5796864
4204941
98846
3374668
5654448
4883381
4879212
4262899
2457675
5890578
2356562
4655891
4847109
6020438
5319897
2186084
6409306
4865852
5788752
5864324
5769421
3015443
4891649
1114714
4794139
6488119
5456359
5953332
3582062
6028863
4904042
6432133
5215344
4821956
3310763
5402973
4221814
3052892
6577599
4879139
4899028
4911602
4863180
4825176
4945817
2529052
878398
6591554
4885045
4781268
3927598
134146
4873621
5639685
6619650
110992
430614
5560561
2271911
5807670
6680163
2850812
4831399
6598362
4839297
2618152
5361298
2850669
3061848
4886070
6065183
2283449
5604721
4493697
11698
1807858
3591880
4845973
5857840
1176488
488698
3700987
2022
3490892
3014504
766353
4825388
562763
1339577
4819265
4514967
4877536
4491190
4425540
4893457
5921926
1084606
666717
4838193
6316571
5513589
294111
4833939
5736274
2911851
2844759
4858442
4819026
1304953
6504033
4666760
5214450
4834739
3775444
4466308
4141756
4858756
217819
4885254
4810519
1776233
5532811
4826862
4897769
5277455
3862988
4832227
4869714
5062795
5902088
67832
4835855
1119021
39925
4905529
6535963
6466887
2160450
4653612
4829449
1304276
6241056
4906212
5125347
4767977
5377835
3460756
4850603
3183804
753086
4828562
6135212
590418
5192132
1566504
2713961
4047896
6638181
6555478
2601358
4808473
2688214
576219
4814302
5567079
5102793
4570258
6719258
1907490
4816318
4848428
4201022
5148028
5776436
5788960
4842619
6394336
1971246
5031582
4674022
4420363
6501952
131495
4522535
6497586
2110725
4261140
4185392
2029460
4821015
4856165
725006
3925130
6703885
4812368
5744066
4819192
940682
4874213
5945877
5098410
5021088
5941638
5143485
653853
2385836
6651639
4861005
4871939
4862489
5908414
544123
5715359
6148519
2146565
6153426
3482067
4737986
6449657
4328598
4856111
3952103
6030904
6668584
1803362
4642950
6216917
6440743
3216412
6549597
4661143
4812313
4708952
5568445
877437
6247415
1555380
5516721
5115685
4056531
4816611
3943222
4887784
4897900
2902161
4936902
4376948
402233
403236
2536510
5466180
4835443
4848231
241874
667347
541279
832225
4895685
4862869
3996955
4813460
5813391
5598080
4831138
5476532
4800187
6422557
6337326
5367152
4932854
720340
3716309
5091026
6308262
1957546
5650023
5539141
2997098
2958247
372019
1411116
4354514
6294313
4225149
3721746
3095370
5107771
3829179
5249765
1166730
4851251
4838450
5572500
6253643
5497965
1144945
5784987
2230663
4894115
5689771
4259340
4865503
6661749
6661423
3176562
6410478
1269395
6471898
5077219
6301386
3909887
4673261
4864308
4828968
4694252
4866182
1362989
5480175
1925277
4828075
6598619
6210
4864981
4390064
118684
4735885
6069524
6236400
4666182
6043840
518844
4893934
6035250
1015263
2732174
5882655
3881978
4690115
1975679
5931566
6534011
6679319
1714407
5379819
3336035
981082
5238681
1375898
4845666
4843291
4844585
4784246
4837517
4809745
6411262
4906657
6436676
4980223
1779777
4809215
2036656
5157533
4093045
4515577
1634267
5106687
4847679
5695225
6615854
2599497
5215876
5684691
5322682
4331286
4779443
6194229
1404888
1805510
4815552
5397144
3765397
2786753
4897145
5176310
4832467
5536164
5006353
4901487
6398969
611517
4579949
424688
6126096
5397167
4728979
5569322
4875416
2433074
4167910
6498173
1325113
4866056
6505173
4777124
4890751
5029958
3086382
6453185
4891339
5202501
6082998
6322583
970268
245419
2691938
5358847
6640606
3566547
4869183
5462841
5858670
4866704
3637620
123536
4824042
5257967
1405131
5970266
3904494
3878599
5978073
5184559
5535777
1297318
3999260
6244799
1233399
4825918
4732458
6011500
6722443
6583094
4775128
678671
4859543
4857055
4835305
5696161
4840065
5942795
5720992
4827021
4863919
4845549
334443
983926
319140
5864047
5432692
5314282
561546
6463003
4979285
6664654
5802091
998907
5070156
4553794
4003356
4881021
5171182
4029473
5584784
5183884
4909710
6095631
489307
4855090
89793
4734403
1304245
4822199
5981795
4880176
4905627
3884085
4762891
272049
3723817
205213
6628643
3494990
1395274
2254281
1413676
6425901
6545892
6716485
371032
2361453
4886803
980223
6401774
6577906
4814834
131285
1557162
4161479
3955847
4850206
6700319
6183462
4905907
5669458
3196173
4881994
447257
4379181
6627462
5733268
4486768
4553323
3274201
4296430
2431370
5004964
4875563
4762884
761777
3835764
6045436
6507145
6527805
4800762
3900331
4909663
128868
2256835
4246831
4640893
6720381
1707209
6643767
5831157
5941751
5455074
5307002
4840701
4861608
3618252
5721155
4317989
5095052
6330428
5089922
5933758
4900244
4836298
175728
480565
3895132
4821892
6185632
5011461
4869606
4840520
5095168
4204361
6062430
5850887
6698808
4808463
4875945
4832289
1785212
5194221
4151463
361043
4901337
4825263
4872921
4814015
5428316
4898620
6374345
5781530
6505286
6556012
4816075
6725001
5681718
3835802
3400283
4844279
5428851
6208647
6018973
4858843
2255518
5431585
4861232
5270353
5986773
5990388
4883621
4851812
6438303
4900850
4832566
1861280
5912458
1042086
4833076
5830678
3551270
5103677
6703058
5910690
585818
6664713
5481939
5241641
4094539
3748473
4818007
5363203
4908527
5022576
4674879
5004113
6363123
6123068
5391686
2559259
4495421
5218122
5892754
5859455
3829249
3459085
4849083
3078952
5614736
1799590
4806006
4810906
4942182
4746130
4871734
1197630
6665311
1049035
4010731
5120398
6674992
2607385
1013665
5996416
6385312
890477
5693615
4668510
4887051
3970787
4914845
5483145
4891811
2625973
3553665
6676938
4375046
159699
3808121
5107047
5573157
6488636
5561868
5176764
1300282
4837470
5568990
4938825
4895578
6125105
6136254
1214401
4823929
4747071
5926799
752397
430455
5015663
6218058
5209860
5500659
48899
6246734
1124270
5038407
4866028
6716683
6228455
4902641
5977697
3928733
5599446
5088502
4774873
6487255
6261302
4860949
4715271
6638204
4819307
3280346
1031401
5662882
6003181
4810100
6681748
2154741
5760783
5534020
5168913
6390855
6589001
5046612
4351110
4832338
4715205
1977422
1407503
4933366
5061947
5775971
4906672
1117622
5427316
6381627
5102567
2741599
6471543
4891661
6369869
5005385
3281925
5148596
215983
5014375
117709
6131884
6465306
4983558
6293623
959688
5382184
4862244
4977890
24716
6353713
4874528
2640121
4344959
4857326
5682967
5799245
4082988
4899787
955228
3148186
2728855
4499661
4857734
4925315
4713173
1316518
1286635
4877796
4871689
2741920
3232398
6598280
6607059
2748970
1792872
6412602
5403864
4843765
4300957
5034248
4813621
5898272
6116104
4714525
4838625
2088292
2312228
5476142
4807469
4895695
4824494
4859039
3760111
4892194
6131219
5152010
5876369
2394436
3619234
1958576
4867608
3788269
6278412
5601436
2346237
4895570
5131557
1398204
2670790
1013322
4835828
6397882
5612318
4849704
4855412
2794481
5432285
5150887
3172067
4930602
59613
4894149
3565279
5921634
773109
6340998
2030337
5420938
3179199
3041629
4896316
5066194
2101937
1989320
5203995
4810092
2353333
5449555
4871286
1672136
1251080
165235
991796
1006833
5964036
1163248
4832499
4337304
5266586
5201086
784501
4890684
4864379
1908211
3963621
5266595
1864487
3589889
3581921
4844886
574101
5932667
660584
5238246
6485838
4907851
6217441
1115169
4702976
5600101
4866879
4815317
4862287
5308030
1003868
5770784
5010187
6139153
6671121
5502471
6086679
2486930
4864429
1031338
2247864
4842485
5790349
5304749
4898981
6251484
3819586
6470847
3607471
3307011
6446457
4894552
6017507
1423601
1496256
4905599
4850895
6444865
5043995
4822825
6276008
4853541
6423915
4725879
870063
1847990
5033675
3814570
388781
1350896
5580669
3934544
3769646
4841732
1706047
4850315
2588269
6437083
4353860
4857595
5865210
5428071
4882029
4874883
667140
1850636
4668008
2851610
5566292
6555079
6618395
1806854
5950458
3885350
4899394
6342878
106240
4875792
69492
4896416
5768153
6632481
1630370
5481721
4445888
6475707
6476174
4838800
257486
4828202
6383876
5561034
2066157
2734954
6623794
2594657
1939989
2334796
4872507
6629822
4202714
4889933
4873582
1022710
5138554
2743570
4834649
1531943
4825862
4902892
547239
4752604
4207175
3960958
5332566
4813677
6429152
4855603
4872840
1803326
5636917
5792034
2916214
6458900
6339876
5562685
1226284
3347668
4641136
5576943
4309010
4847686
6567960
1305598
4883508
6643697
1933940
1493949
5336840
5533873
3044190
768941
4877035
4559466
4852582
3199414
5452060
1605928
2121614
758272
4831264
4841688
3412291
4826548
3952896
6265886
5039236
6113829
6424040
6621396
6130555
4838857
4873107
5766527
2755626
6084984
6345288
5327261
1625816
4907777
4891548
96626
5337017
2552898
4910151
2351343
1815824
4460226
5568217
6406056
5102050
2030978
5527648
4879452
4875210
5717777
3285069
5359778
4828782
1989147
3306423
3626353
5155130
6303137
6088803
5759009
4850565
5125400
5282819
4946622
4887632
6727825
5359533
5817624
4879325
1837774
6639872
4877982
5087341
5161206
5912483
6029655
4904870
2162390
4890851
4896007
5842070
4878333
4877195
1266658
2192396
4848916
4782939
5102618
6693639
958702
4908582
5687558
3336105
5315364
3162704
5197807
6325004
4403570
2579841
5140399
2883800
1633987
5733308
3885875
1463788
4950513
4834827
6654343
6026173
69584
4626255
4993135
4903656
2754377
2292397
4839883
6436078
5911099
4877897
4906462
5342818
6435252
4812561
4854879
1421531
4891918
5293042
6434175
4825090
4808781
4329968
4914946
993189
1969352
50878
2227599
4749612
6115802
5332508
4789951
5089229
4612038
5800697
2115238
2929968
5132026
5570663
2007986
5913855
289565
1995571
2829430
4829874
3731325
5273848
527044
4133388
465093
2780216
4733335
4779617
2745086
4235476
6171599
4842840
6249400
5234590
5394729
6413624
6486609
6549751
887592
1967519
2284220
6692202
74236
3030136
4685386
5843173
1776760
4870805
4810759
3360985
4850809
6565289
4861919
4636018
4886548
5385574
6095937
3022240
5096426
2962632
4356542
6466237
4866657
5271352
3230968
1199292
6611459
4033016
5620215
6182757
4867844
5831579
5656057
4848300
4848248
5623893
5600949
4903962
5106015
6041753
6056490
4287844
324923
1539529
1974474
5686148
1070261
899206
5289497
4719027
1895747
4728736
6452910
2677722
3600757
4822284
2163639
5780080
2765720
5237676
4839290
424465
990338
4681209
253761
3216188
3558107
4449405
4886673
6482089
4895811
6394347
6168172
5968774
4181435
4243009
4819779
5026221
1847212
5284273
5933299
682528
6636002
5746264
4849602
5002937
3923376
6459563
6208417
4830888
4900995
5447089
4864176
4615461
5178437
5649694
4668940
6697125
5547178
5815032
5559658
4917154
756079
3804647
1389151
6656344
4846108
4811683
6309565
6398646
4835727
6645056
5777905
5019343
4703991
1026525
5412330
2599812
4839962
3466672
6693687
1299909
4844805
386356
1451312
3208556
4792869
4797911
5262503
6173149
4782823
4902095
1675419
4792241
2375311
4901634
5143768
2755830
6304443
2349973
4869029
4816004
4909631
2962101
6437934
3395582
5892525
1679825
5215923
1108419
1570004
6025608
5616743
6166455
773126
3218273
6641673
4641150
1399151
5404272
4100139
6127093
358
4898511
4959090
4893837
3178637
4903930
4832483
1046310
5222437
4893626
4759929
4900488
1483699
814670
2565117
1380549
5519070
5036203
5272957
2138343
4866421
4892883
4709334
4894147
1185892
4196100
4799183
4812953
1535413
168965
3210650
1209722
821344
5201619
3232148
4816476
4868148
4820605
5545349
6614616
1216232
5785281
4896336
4850952
6037715
5623129
1706705
4844957
238681
5050431
465051
4336742
3358511
5152022
2779929
6006661
2409456
4866470
4467809
6360176
4850825
860189
4239585
6637347
6645234
3133387
5572650
5141059
5426024
6263515
4882720
5931293
2242604
4836648
1665066
785682
5872426
4884227
5649693
5872501
2710389
4163412
4978843
5111807
5853473
6456468
38006
5022624
4934415
4849081
5548191
6098162
4876851
4853655
1416415
4899886
3150968
4350556
5698033
5036685
5781391
4791868
4655339
1894017
4652630
4878103
6700667
4661368
4766209
4841373
2355338
6463656
4081778
349779
3451425
6081188
3737482
4999247
546943
576692
5855960
713916
5188102
3433318
5917554
4820922
5599914
1992132
2555735
5967105
5950365
5691779
4821578
5165955
3416041
5176505
2485174
554389
1623470
5867885
4878432
4839102
6049142
4157202
6107531
5908535
6320054
4863113
2767395
4858396
4816816
69549
4207015
4896871
4973211
422991
4878985
4911780
4889707
5789955
5962635
5039557
1647176
4878815
6134787
6505333
4864831
5154727
2956745
4778396
4959603
5912770
4832976
5867596
2798265
5303083
5203413
4837144
1082577
6629968
5079800
4783349
4902352
4899169
4717184
3391185
6480966
3879755
5510704
2256405
4830065
2330579
5999665
4886399
6414608
5492403
3406790
5154959
4831626
2019366
5171855
6304677
5940231
4935903
832546
6528668
5579664
4727266
6406250
6693474
3817974
5185921
4097620
5353468
4801691
2431348
5132726
5438999
537437
5138000
4936490
5451171
6599581
4897110
2881277
4861621
2497861
746622
804804
6675759
6546383
1390723
4868531
5959456
2374258
4996426
2559506
6512886
4866481
5536194
4208916
6593632
4593809
2498398
795723
2846586
1295508
2201658
5347942
727347
241356
587084
4828130
4726657
4814904
5356479
5564556
4904700
4876051
6710267
5035911
5016936
3922942
6557908
5248487
1741052
2220483
586454
2530360
4371714
4909527
4907598
1814161
5137733
4843306
4839136
916364
4942292
4843905
4867867
4880134
4649271
1421494
4895854
4861570
5584644
1154
4869978
857637
4861671
1758083
5517726
6263121
4743238
6029609
4695667
4497200
1175841
5374623
574587
1584997
4882546
5415728
5307086
2464583
5450366
4854437
814278
4579440
187007
4908044
4261292
3326929
4705363
1401502
334394
5311623
5065761
6606844
2720249
6505200
2513651
1507971
1710966
1000191
5788249
2547909
6247414
4873791
854638
6062371
4819233
4522152
3339117
4923872
2807281
4676709
4909030
5201939
6727345
5162767
1045070
5841751
5615590
4694470
990670
3753148
4524032
6675510
6459879
4671657
1827368
4115048
5299023
6722171
4670625
581856
4119772
6697701
4371355
1555738
5809721
1463773
4173717
4861936
4882109
2167813
6056063
4893847
2286433
6706772
4739943
6469158
1430468
5349276
5911985
255489
5442326
674340
97054
6377815
6162160
